[2, 3]
[9, 6]
[5, 4]
[0, 9]
[11, 8]
[7, 10]
[7, 9]
[15, 10]
[6, 4]
[20, 1]
[8, 2]
[1, 0]
[24, 5]
[23, 6]
[26, 2]
[1, 2]
[10, 8]
[25, 9]
[13, 10]
[26, 8]
[9, 7]
[26, 4]
[20, 5]
[2, 1]
[2, 10]
[3, 6]
[26, 10]
[22, 0]
[24, 1]
[24, 1]
[1, 0]
[13, 7]
[17, 0]
[24, 5]
[9, 8]
[24, 7]
[8, 10]
[0, 3]
[23, 0]
[11, 9]
[13, 4]
[11, 2]
[2, 6]
[0, 5]
[7, 8]
[16, 3]
[4, 1]
[18, 7]
[8, 6]
[14, 1]
[0, 4]
[12, 10]
[14, 5]
[12, 10]
[1, 5]
[3, 0]
[16, 9]
[25, 2]
[19, 5]
[18, 1]
[16, 10]
[1, 0]
[9, 3]
[17, 2]
[20, 10]
[17, 3]
[0, 9]
[8, 0]
[10, 0]
[21, 2]
[6, 1]
[11, 1]
[26, 1]
[20, 1]
[8, 1]
[21, 2]
[14, 3]
[14, 0]
[24, 7]
[24, 3]
[25, 10]
[20, 4]
[3, 6]
[9, 5]
[5, 5]
[19, 3]
[21, 6]
[22, 10]
[5, 8]
[0, 9]
[5, 0]
[9, 4]
[7, 6]
[17, 4]
[5, 2]
[13, 2]
[2, 7]
[20, 10]
[7, 6]
[9, 7]
[3, 2]
[19, 10]
[17, 9]
[21, 5]
[20, 8]
[5, 1]
[15, 3]
[1, 5]
[9, 3]
[12, 9]
[10, 2]
[7, 3]
[13, 6]
[17, 1]
[10, 8]
[4, 5]
[18, 10]
[12, 8]
[3, 3]
[19, 10]
[2, 1]
[9, 2]
[22, 8]
[17, 2]
[11, 10]
[11, 2]
[7, 7]
[13, 4]
[5, 3]
[23, 2]
[4, 7]
[10, 6]
[10, 8]
[26, 4]
[9, 3]
[26, 4]
[17, 5]
[13, 1]
[22, 7]
[17, 5]
[0, 7]
[5, 9]
[0, 5]
[17, 3]
[4, 0]
[15, 3]
[16, 0]
[8, 2]
[15, 2]
[6, 10]
[22, 5]
[18, 4]
[20, 6]
[17, 3]
[21, 4]
[18, 8]
[13, 7]
[17, 4]
[5, 5]
[6, 2]
[13, 10]
[23, 3]
[22, 10]
[12, 3]
[7, 1]
[0, 2]
[5, 9]
[15, 9]
[6, 1]
[17, 10]
[2, 5]
[11, 6]
[24, 3]
[20, 3]
[6, 4]
[19, 0]
[10, 10]
[14, 9]
[17, 3]
[19, 9]
[19, 9]
[11, 10]
[17, 0]
[11, 6]
[21, 1]
[6, 1]
[24, 2]
[20, 8]
[19, 0]
[17, 8]
[22, 6]
[0, 9]
[21, 9]
[14, 6]
[25, 3]
[20, 3]
[19, 5]
[17, 0]
[7, 5]
[26, 10]
[25, 9]
[15, 6]
[24, 3]
[6, 7]
[2, 3]
[18, 4]
[4, 7]
[17, 4]
[16, 1]
[26, 10]
[5, 10]
[17, 5]
[20, 0]
[21, 6]
[21, 0]
[10, 4]
[26, 1]
[18, 0]
[0, 6]
[9, 4]
[17, 1]
[3, 4]
[18, 0]
[16, 2]
[13, 4]
[22, 4]
[5, 0]
[24, 9]
[18, 10]
[21, 4]
[10, 3]
[5, 7]
[17, 1]
[0, 9]
[12, 0]
[11, 7]
[8, 5]
[23, 10]
[17, 10]
[21, 1]
[5, 5]
[9, 0]
[8, 9]
[14, 4]
[8, 7]
[18, 2]
[19, 8]
[22, 9]
[13, 0]
[3, 0]
[6, 1]
[5, 6]
[13, 5]
[0, 6]
[17, 4]
[10, 1]
[19, 3]
[16, 2]
[11, 1]
[22, 10]
[15, 8]
[9, 1]
[2, 2]
[0, 1]
[7, 2]
[19, 0]
[18, 5]
[5, 0]
[8, 10]
[14, 3]
[7, 7]
[23, 5]
[19, 1]
[3, 2]
[12, 4]
[12, 7]
[19, 8]
[11, 3]
[21, 9]
[7, 7]
[23, 4]
[26, 7]
[13, 2]
[14, 1]
[3, 8]
[5, 8]
[3, 4]
[12, 5]
[21, 10]
[8, 6]
[14, 5]
[1, 6]
[0, 3]
[9, 0]
[17, 3]
[7, 8]
[9, 2]
[11, 3]
[26, 1]
[21, 10]
[16, 10]
[21, 9]
[21, 2]
[20, 9]
[11, 5]
[17, 2]
[17, 5]
[21, 10]
[10, 3]
[9, 5]
[8, 3]
[20, 0]
[10, 2]
[0, 3]
[18, 2]
[17, 5]
[5, 2]
[13, 4]
[0, 2]
[9, 9]
[4, 9]
[23, 0]
[22, 5]
[11, 6]
[5, 0]
[6, 0]
[25, 8]
[20, 0]
[7, 8]
[25, 6]
[4, 10]
[22, 6]
[3, 5]
[8, 4]
[15, 4]
[4, 8]
[0, 5]
[1, 7]
[14, 3]
[3, 6]
[19, 9]
[4, 7]
[10, 2]
[12, 4]
[8, 10]
[24, 8]
[24, 7]
[22, 10]
[9, 6]
[2, 5]
[11, 2]
[11, 0]
[17, 0]
[20, 9]
[25, 0]
[24, 4]
[4, 9]
[24, 2]
[16, 8]
[15, 10]
[13, 2]
[26, 7]
[22, 10]
[6, 6]
[19, 0]
[12, 5]
[21, 8]
[24, 1]
[20, 10]
[10, 6]
[18, 9]
[24, 3]
[5, 5]
[24, 3]
[17, 2]
[18, 5]
[21, 1]
[8, 2]
[24, 1]
[4, 0]
[20, 10]
[12, 10]
[19, 1]
[15, 4]
[19, 9]
[22, 6]
[19, 8]
[19, 4]
[12, 9]
[26, 7]
[0, 3]
[23, 2]
[16, 2]
[17, 0]
[2, 6]
[25, 0]
[20, 4]
[25, 8]
[11, 3]
[9, 4]
[24, 8]
[22, 8]
[16, 5]
[26, 3]
[3, 8]
[21, 3]
[26, 1]
[1, 1]
[14, 4]
[21, 1]
[2, 5]
[6, 2]
[5, 10]
[12, 4]
[8, 10]
[21, 2]
[1, 7]
[11, 10]
[23, 9]
[16, 2]
[21, 7]
[23, 9]
[18, 0]
[21, 0]
[25, 3]
[5, 0]
[26, 1]
[5, 6]
[26, 9]
[0, 2]
[15, 0]
[22, 2]
[6, 2]
[7, 9]
[1, 7]
[23, 1]
[6, 0]
[11, 4]
[23, 9]
[11, 5]
